196
169
305
0
222
420
107
301
182
26
3
212
85
171
125
287
508
165
183
404
286
101
487
57
254
83
316
486
274
177
7
428
71
105
221
298
493
329
81
400
435
376
322
116
100
527
141
459
314
258
33
261
369
186
419
168
495
359
90
17
151
27
498
265
319
45
442
341
46
392
399
377
80
389
331
467
464
144
229
346
525
235
247
160
111
184
119
291
246
523
19
115
118
36
135
54
317
526
383
470
244
149
132
40
253
87
453
79
330
431
24
12
353
355
308
56
249
271
176
166
328
447
102
30
321
266
112
255
245
51
412
378
205
445
468
436
127
64
239
10
60
114
514
444
327
50
256
264
28
362
425
219
295
336
92
454
148
73
440
225
290
47
324
150
361
521
162
152
156
285
318
232
268
469
187
349
195
429
104
311
122
211
159
164
128
202
74
326
505
344
403
25
524
209
117
279
461
432
395
358
201
133
365
522
142
465
456
233
206
292
417
270
289
381
373
260
484
138
130
20
416
463
423
455
200
364
307
360
320
84
241
31
143
97
82
339
257
446
284
351
500
180
443
197
491
434
300
502
140
207
190
466
503
473
402
248
375
6
198
476
259
178
76
366
348
91
427
126
439
356
437
483
510
161
134
226
78
49
113
386
65
411
413
397
192
488
216
309
282
472
457
158
43
8
185
422
485
147
374
507
382
501
29
371
342
204
170
407
75
145
477
333
123
103
494
234
294
492
441
293
230
283
55
352
421
481
475
41
252
94
363
478
458
278
14
396
2
157
310
120
323
35
236
509
497
306
153
99
388
410
452
313
401
263
175
304
303
354
243
415
430
438
1
343
238
139
95
275
231
179
325
242
474
408
387
297
489
518
384
433
479
519
15
281
460
357
451
203
59
9
38
520
96
70
385
124
61
379
516
368
272
89
424
62
155
68
16
228
296
174
48
88
11
269
350
450
146
136
66
18
109
189
506
5
448
32
227
288
13
471
110
188
345
194
393
23
39
217
512
515
72
337
499
77
262
86
276
154
391
193
480
302
367
406
181
394
299
418
210
53
172
426
108
517
218
482
163
4
504
390
58
69
267
98
44
42
